data =

 Columns 1 through 25:

   84   90  105  102   50    0    0    0    0    0    0    0    0    0    0    0    0    0    0    0    0    0    0    5    0

 Columns 26 through 50:

    0    0    5    0    0    0    0    0    0    0  236    0    0    0    5    0    0    0   20  128    0    0    0  158  166

 Columns 51 through 75:

   30  112  159  186  235   96  160  134    0  112  161  154  205   96  162  101  226  112  163  131  233  224  164  106  174

 Columns 76 through 100:

  112  165   53  167   96  166   83  202  240  167   21  137   96  168   51  172  240  168  254  165  224  170   19  142  240

 Columns 101 through 125:

  170  222  135  224  171  243  112  240  172  190  105  224  173  211   82  240  174  158   75  224  175  179   52  240  176

 Columns 126 through 150:

  126   45  224  177  156   81  112  178  103   74   96  179  124   51  112  180   71   44   96  181   92   21  112  182   39

 Columns 151 through 175:

   14   96  183   59  247  112  184    6  240   96  185   27  217  112  185  230  210   96  187    4  245  240  187  198  180

 Columns 176 through 200:

   96  188  228  215  240  189  175  208  224  190  196  185  240  191  143  178  224  192  164  155  240  193  111  148  224

 Columns 201 through 225:

  194  132  125  240  195   79  118  224  196  100   95  240  197   47   88  224  198   77  124  112  199   15   58  224  200

 Columns 226 through 250:

   45   94  112  200  248   87   96  202   13   64  112  202  216   57   96  203  136  240  112  210   35  244  112  210   96

 Columns 251 through 275:

  251  224  211  117  228  240  212   64  221  224  213   85  198  240  214   32  191  224  215   53  168  240  216    0  161

 Columns 276 through 300:

  224  217   21  138  240  217  224  131  224  218  254  167  112  219  192  101  224  220  222  137  112  221  169  130   96

 Columns 301 through 325:

  222  190  107  112  223  137  100   96  224  158   77  112  225  105   70   96  226  126   47  112  227   73   40   96  228

 Columns 326 through 350:

   94   17  112  229   87   46  224  230   71   45  240  231   55   16  224  232   39   15  240  233   22  242  224  234    6

 Columns 351 through 375:

  241  240  234  246  212  224  235  230  211  240  236  214  182  224  237  198  181  240  238  191  211   96  239  175  210

 Columns 376 through 400:

  112  240  159  181   96  241  143  180  112  242  127  151   96  243  111  150  112  244   95  121   96  245   79  120  112

 Columns 401 through 425:

  246   63   91   96  247   47   90  112  248   40  119  224  249   15   60  112  250    8   89  224  250  248   88  240  251

 Columns 426 through 450:

  232   59  224  252  216   58  240  253  200   29  224  254  184   28  240  255  167  255  224    0  151  254  240    1  135

 Columns 451 through 475:

  225  224    2  119  224  240    3  112  254   96    4   96  253  112    5   80  224   96    6   64  223  112    7   48  194

 Columns 476 through 500:

   96    7  141   25  112    9   16  164   96    9  173  148  240   10  240  134   96   11  224  133  112   12  217  162  224

 Columns 501 through 525:

   13  192  103  112   14  185  132  224   15  169  131  240   16  153  102  224   17  137  101  240   18  121   72  224   19

 Columns 526 through 550:

  105   71  240   20   89   42  224   21   73   41  240   22   57   12  224   23   41   11  240   24   34   41   96   25    8

 Columns 551 through 575:

  237  240   26    2   11   96   26  242   10  112   27  225  237   96   28  209  236  112   29  193  207   96   30  177  206

 Columns 576 through 600:

  112   31  161  177   96   32  118    0  240   33  129  147   96   34   85  226  240   35  106  175  224   36   53  196  240

 Columns 601 through 625:

   37   74  145  224   38   21  166  240   39   42  115  224   39  254  195  112   41   10   85  224   41  222  165  112   42

 Columns 626 through 650:

  234   55  224   43  190  135  112   44  211   84   96   45  158  105  112   46  179   54   96   47  126   75  112   48  147

 Columns 651 through 675:

   24   96   49  103  103  240   50  114  250   96   51   71   73  240   52   82  220   96   53   39   43  240   54   50  190

 Columns 676 through 700:

   96   55    7   13  240   56   27  218  224   56  230  239  240   57  251  188  224   58  198  209  240   59  219  158  224

 Columns 701 through 725:

   60  175  238  112   61  187  128  224   62  143  208  112   63  155   98  224   64  111  178  112   65  132  127   96   66

 Columns 726 through 750:

   79  148  112   67  100   97   96   68   47  118  112   69   68   67   96   69  243  168  240   71   45   95  224   71  211

 Columns 751 through 775:

  138  240   73   13   65  224   73  179  108  240   74  237   35  224   75  156  137  112   76  214   64   96   77  124  107

 Columns 776 through 800:

  112   78  182   34   96   79   92   77  112   80  150    4   96   81   60   47  112   82  117  230   96   83   28   17  112

 Columns 801 through 825:

   84   85  200   96   84  251  243  112   86   53  170   96   86  229   15  240   88   30  198  224   88  196  241  240   89

 Columns 826 through 850:

  254  168  224   90  164  211  240   91  222  138  224   92  132  181  240   93  190  108  224   94  100  151  240   95  158

 Columns 851 through 875:

   78  224   96   77  180  112   97  135  107   96   98   45  150  112   99  103   77   96  100   13  120  112  101   71   47

 Columns 876 through 900:

   96  101  237   90  112  103   39   17   96  103  205   60  112  105    6  243   96  105  173   30  112  106  230  213   96

 Columns 901 through 925:

  107  150   58  240  108  207  241  224  109  118   28  240  110  175  211  224  111   85  254  240  112  143  181  224  113

 Columns 926 through 950:

   53  224  240  114  111  151  224  115   21  194  240  116   79  121  224  116  254  223  112  118   56  150   96  118  222

 Columns 951 through 975:

  193  112  120   24  120   96  120  190  163  112  121  248   90   96  122  158  133  112  123  216   60   96  124  126  103

 Columns 976 through 1000:

  112  125  184   30   96  126   94   73  112  127  152    0   96    2    1    2    1    2    1    2    1    2    1    2    1

 Columns 1001 through 1025:

    2    1    2    1    2    1    2    1    2    1    2    1    2    1    2    1    2    1    2    1    2    1    2    1    2

 Columns 1026 through 1050:

    1    2    1    2    1    2    1    2    1    2    1    2    3    4    2    1    2    1    2    1    2    1    2    1    2

 Columns 1051 through 1075:

    1    2    1    2    1    2    1    2    1    2    1    2    1    2    1    2    1    2    1    2    1    2    1    2    1

 Columns 1076 through 1100:

    2    1    2    1    2    1    2    1    2    1    2    1    2    1    2    1    2    1    2    1    2    1    2    1    2

 Columns 1101 through 1125:

    1    2    1    2    1    2    1    2    1    2    1    2    1    2    1    2    1    2    1    2    1    2    1    2    1

 Columns 1126 through 1150:

    2    1    2    1    2    1    2    1    2    1    2    1    2    1    2    1    2    1    2    1    2    1    2    1    2

 Columns 1151 through 1175:

    1    2    1    2    1    2    1    2    1    2    1    2    1    2    1    2    1    2    1    2    1    2    1    2    1

 Columns 1176 through 1200:

    2    1    2    1    2    1    2    1    2    1    2    1    2    1    2    1    2    1    2    1    2    1    2    1    2

 Columns 1201 through 1225:

    1    2    1    2    1    2    1    2    1    2    1    2    1    2    1    2    1    2    1    2    1    2    1    2  255

 Columns 1226 through 1250:

  255  186  158    0    0  255  255  199  192    1    4  255  255  185  176    0    8  255  255  199  192    1   12  255  255

 Columns 1251 through 1275:

  199  192    1   16   76   77   84    0   69   68   84    0   69   83   84    0   69   87   84    0   69   80   84    0    0

 Columns 1276 through 1300:

    0    0    0    1    0    0    0    0    1   84   90  105  102   50    0    0    0    0    0    0    0    0    0    0    0

 Columns 1301 through 1325:

    0    0    0    0    0    0    0    5    0    0    0    5    0    0    0    0    0    0    0  237    0    0    0    5    0

 Columns 1326 through 1350:

    0    0   20  248    0    0    0    0    0    0    0  255  255  255  255   94    3  240  144  255  255  255  255  158  166

 Columns 1351 through 1375:

   30  112  255  255  255  255  159  186  235   96  255  255  255  255  160  134    0  112  255  255  255  255  161  154  205

 Columns 1376 through 1400:

   96  255  255  255  255  162  101  226  112  255  255  255  255  163  131  233  224  255  255  255  255  164  106  174  112

 Columns 1401 through 1425:

  255  255  255  255  165   53  167   96  255  255  255  255  166   83  202  240  255  255  255  255  167   21  137   96  255

 Columns 1426 through 1450:

  255  255  255  168   51  172  240  255  255  255  255  168  254  165  224  255  255  255  255  170   19  142  240  255  255

 Columns 1451 through 1475:

  255  255  170  222  135  224  255  255  255  255  171  243  112  240  255  255  255  255  172  190  105  224  255  255  255

 Columns 1476 through 1500:

  255  173  211   82  240  255  255  255  255  174  158   75  224  255  255  255  255  175  179   52  240  255  255  255  255

 Columns 1501 through 1525:

  176  126   45  224  255  255  255  255  177  156   81  112  255  255  255  255  178  103   74   96  255  255  255  255  179

 Columns 1526 through 1550:

  124   51  112  255  255  255  255  180   71   44   96  255  255  255  255  181   92   21  112  255  255  255  255  182   39

 Columns 1551 through 1575:

   14   96  255  255  255  255  183   59  247  112  255  255  255  255  184    6  240   96  255  255  255  255  185   27  217

 Columns 1576 through 1600:

  112  255  255  255  255  185  230  210   96  255  255  255  255  187    4  245  240  255  255  255  255  187  198  180   96

 Columns 1601 through 1625:

  255  255  255  255  188  228  215  240  255  255  255  255  189  175  208  224  255  255  255  255  190  196  185  240  255

 Columns 1626 through 1650:

  255  255  255  191  143  178  224  255  255  255  255  192  164  155  240  255  255  255  255  193  111  148  224  255  255

 Columns 1651 through 1675:

  255  255  194  132  125  240  255  255  255  255  195   79  118  224  255  255  255  255  196  100   95  240  255  255  255

 Columns 1676 through 1700:

  255  197   47   88  224  255  255  255  255  198   77  124  112  255  255  255  255  199   15   58  224  255  255  255  255

 Columns 1701 through 1725:

  200   45   94  112  255  255  255  255  200  248   87   96  255  255  255  255  202   13   64  112  255  255  255  255  202

 Columns 1726 through 1750:

  216   57   96  255  255  255  255  203  136  240  112  255  255  255  255  210   35  244  112  255  255  255  255  210   96

 Columns 1751 through 1775:

  251  224  255  255  255  255  211  117  228  240  255  255  255  255  212   64  221  224  255  255  255  255  213   85  198

 Columns 1776 through 1800:

  240  255  255  255  255  214   32  191  224  255  255  255  255  215   53  168  240  255  255  255  255  216    0  161  224

 Columns 1801 through 1825:

  255  255  255  255  217   21  138  240  255  255  255  255  217  224  131  224  255  255  255  255  218  254  167  112  255

 Columns 1826 through 1850:

  255  255  255  219  192  101  224  255  255  255  255  220  222  137  112  255  255  255  255  221  169  130   96  255  255

 Columns 1851 through 1875:

  255  255  222  190  107  112  255  255  255  255  223  137  100   96  255  255  255  255  224  158   77  112  255  255  255

 Columns 1876 through 1900:

  255  225  105   70   96  255  255  255  255  226  126   47  112  255  255  255  255  227   73   40   96  255  255  255  255

 Columns 1901 through 1925:

  228   94   17  112  255  255  255  255  229   87   46  224  255  255  255  255  230   71   45  240  255  255  255  255  231

 Columns 1926 through 1950:

   55   16  224  255  255  255  255  232   39   15  240  255  255  255  255  233   22  242  224  255  255  255  255  234    6

 Columns 1951 through 1975:

  241  240  255  255  255  255  234  246  212  224  255  255  255  255  235  230  211  240  255  255  255  255  236  214  182

 Columns 1976 through 2000:

  224  255  255  255  255  237  198  181  240  255  255  255  255  238  191  211   96  255  255  255  255  239  175  210  112

 Columns 2001 through 2025:

  255  255  255  255  240  159  181   96  255  255  255  255  241  143  180  112  255  255  255  255  242  127  151   96  255

 Columns 2026 through 2050:

  255  255  255  243  111  150  112  255  255  255  255  244   95  121   96  255  255  255  255  245   79  120  112  255  255

 Columns 2051 through 2075:

  255  255  246   63   91   96  255  255  255  255  247   47   90  112  255  255  255  255  248   40  119  224  255  255  255

 Columns 2076 through 2100:

  255  249   15   60  112  255  255  255  255  250    8   89  224  255  255  255  255  250  248   88  240  255  255  255  255

 Columns 2101 through 2125:

  251  232   59  224  255  255  255  255  252  216   58  240  255  255  255  255  253  200   29  224  255  255  255  255  254

 Columns 2126 through 2150:

  184   28  240  255  255  255  255  255  167  255  224    0    0    0    0    0  151  254  240    0    0    0    0    1  135

 Columns 2151 through 2175:

  225  224    0    0    0    0    2  119  224  240    0    0    0    0    3  112  254   96    0    0    0    0    4   96  253

 Columns 2176 through 2200:

  112    0    0    0    0    5   80  224   96    0    0    0    0    6   64  223  112    0    0    0    0    7   48  194   96

 Columns 2201 through 2225:

    0    0    0    0    7  141   25  112    0    0    0    0    9   16  164   96    0    0    0    0    9  173  148  240    0

 Columns 2226 through 2250:

    0    0    0   10  240  134   96    0    0    0    0   11  224  133  112    0    0    0    0   12  217  162  224    0    0

 Columns 2251 through 2275:

    0    0   13  192  103  112    0    0    0    0   14  185  132  224    0    0    0    0   15  169  131  240    0    0    0

 Columns 2276 through 2300:

    0   16  153  102  224    0    0    0    0   17  137  101  240    0    0    0    0   18  121   72  224    0    0    0    0

 Columns 2301 through 2325:

   19  105   71  240    0    0    0    0   20   89   42  224    0    0    0    0   21   73   41  240    0    0    0    0   22

 Columns 2326 through 2350:

   57   12  224    0    0    0    0   23   41   11  240    0    0    0    0   24   34   41   96    0    0    0    0   25    8

 Columns 2351 through 2375:

  237  240    0    0    0    0   26    2   11   96    0    0    0    0   26  242   10  112    0    0    0    0   27  225  237

 Columns 2376 through 2400:

   96    0    0    0    0   28  209  236  112    0    0    0    0   29  193  207   96    0    0    0    0   30  177  206  112

 Columns 2401 through 2425:

    0    0    0    0   31  161  177   96    0    0    0    0   32  118    0  240    0    0    0    0   33  129  147   96    0

 Columns 2426 through 2450:

    0    0    0   34   85  226  240    0    0    0    0   35  106  175  224    0    0    0    0   36   53  196  240    0    0

 Columns 2451 through 2475:

    0    0   37   74  145  224    0    0    0    0   38   21  166  240    0    0    0    0   39   42  115  224    0    0    0

 Columns 2476 through 2500:

    0   39  254  195  112    0    0    0    0   41   10   85  224    0    0    0    0   41  222  165  112    0    0    0    0

 Columns 2501 through 2525:

   42  234   55  224    0    0    0    0   43  190  135  112    0    0    0    0   44  211   84   96    0    0    0    0   45

 Columns 2526 through 2550:

  158  105  112    0    0    0    0   46  179   54   96    0    0    0    0   47  126   75  112    0    0    0    0   48  147

 Columns 2551 through 2575:

   24   96    0    0    0    0   49  103  103  240    0    0    0    0   50  114  250   96    0    0    0    0   51   71   73

 Columns 2576 through 2600:

  240    0    0    0    0   52   82  220   96    0    0    0    0   53   39   43  240    0    0    0    0   54   50  190   96

 Columns 2601 through 2625:

    0    0    0    0   55    7   13  240    0    0    0    0   56   27  218  224    0    0    0    0   56  230  239  240    0

 Columns 2626 through 2650:

    0    0    0   57  251  188  224    0    0    0    0   58  198  209  240    0    0    0    0   59  219  158  224    0    0

 Columns 2651 through 2675:

    0    0   60  175  238  112    0    0    0    0   61  187  128  224    0    0    0    0   62  143  208  112    0    0    0

 Columns 2676 through 2700:

    0   63  155   98  224    0    0    0    0   64  111  178  112    0    0    0    0   65  132  127   96    0    0    0    0

 Columns 2701 through 2725:

   66   79  148  112    0    0    0    0   67  100   97   96    0    0    0    0   68   47  118  112    0    0    0    0   69

 Columns 2726 through 2750:

   68   67   96    0    0    0    0   69  243  168  240    0    0    0    0   71   45   95  224    0    0    0    0   71  211

 Columns 2751 through 2775:

  138  240    0    0    0    0   73   13   65  224    0    0    0    0   73  179  108  240    0    0    0    0   74  237   35

 Columns 2776 through 2800:

  224    0    0    0    0   75  156  137  112    0    0    0    0   76  214   64   96    0    0    0    0   77  124  107  112

 Columns 2801 through 2825:

    0    0    0    0   78  182   34   96    0    0    0    0   79   92   77  112    0    0    0    0   80  150    4   96    0

 Columns 2826 through 2850:

    0    0    0   81   60   47  112    0    0    0    0   82  117  230   96    0    0    0    0   83   28   17  112    0    0

 Columns 2851 through 2875:

    0    0   84   85  200   96    0    0    0    0   84  251  243  112    0    0    0    0   86   53  170   96    0    0    0

 Columns 2876 through 2900:

    0   86  229   15  240    0    0    0    0   88   30  198  224    0    0    0    0   88  196  241  240    0    0    0    0

 Columns 2901 through 2925:

   89  254  168  224    0    0    0    0   90  164  211  240    0    0    0    0   91  222  138  224    0    0    0    0   92

 Columns 2926 through 2950:

  132  181  240    0    0    0    0   93  190  108  224    0    0    0    0   94  100  151  240    0    0    0    0   95  158

 Columns 2951 through 2975:

   78  224    0    0    0    0   96   77  180  112    0    0    0    0   97  135  107   96    0    0    0    0   98   45  150

 Columns 2976 through 3000:

  112    0    0    0    0   99  103   77   96    0    0    0    0  100   13  120  112    0    0    0    0  101   71   47   96

 Columns 3001 through 3025:

    0    0    0    0  101  237   90  112    0    0    0    0  103   39   17   96    0    0    0    0  103  205   60  112    0

 Columns 3026 through 3050:

    0    0    0  105    6  243   96    0    0    0    0  105  173   30  112    0    0    0    0  106  230  213   96    0    0

 Columns 3051 through 3075:

    0    0  107  150   58  240    0    0    0    0  108  207  241  224    0    0    0    0  109  118   28  240    0    0    0

 Columns 3076 through 3100:

    0  110  175  211  224    0    0    0    0  111   85  254  240    0    0    0    0  112  143  181  224    0    0    0    0

 Columns 3101 through 3125:

  113   53  224  240    0    0    0    0  114  111  151  224    0    0    0    0  115   21  194  240    0    0    0    0  116

 Columns 3126 through 3150:

   79  121  224    0    0    0    0  116  254  223  112    0    0    0    0  118   56  150   96    0    0    0    0  118  222

 Columns 3151 through 3175:

  193  112    0    0    0    0  120   24  120   96    0    0    0    0  120  190  163  112    0    0    0    0  121  248   90

 Columns 3176 through 3200:

   96    0    0    0    0  122  158  133  112    0    0    0    0  123  216   60   96    0    0    0    0  124  126  103  112

 Columns 3201 through 3225:

    0    0    0    0  125  184   30   96    0    0    0    0  126   94   73  112    0    0    0    0  127  152    0   96    0

 Columns 3226 through 3250:

    2    1    2    1    2    1    2    1    2    1    2    1    2    1    2    1    2    1    2    1    2    1    2    1    2

 Columns 3251 through 3275:

    1    2    1    2    1    2    1    2    1    2    1    2    1    2    1    2    1    2    1    2    1    2    1    2    3

 Columns 3276 through 3300:

    4    2    1    2    1    2    1    2    1    2    1    2    1    2    1    2    1    2    1    2    1    2    1    2    1

 Columns 3301 through 3325:

    2    1    2    1    2    1    2    1    2    1    2    1    2    1    2    1    2    1    2    1    2    1    2    1    2

 Columns 3326 through 3350:

    1    2    1    2    1    2    1    2    1    2    1    2    1    2    1    2    1    2    1    2    1    2    1    2    1

 Columns 3351 through 3375:

    2    1    2    1    2    1    2    1    2    1    2    1    2    1    2    1    2    1    2    1    2    1    2    1    2

 Columns 3376 through 3400:

    1    2    1    2    1    2    1    2    1    2    1    2    1    2    1    2    1    2    1    2    1    2    1    2    1

 Columns 3401 through 3425:

    2    1    2    1    2    1    2    1    2    1    2    1    2    1    2    1    2    1    2    1    2    1    2    1    2

 Columns 3426 through 3450:

    1    2    1    2    1    2    1    2    1    2    1    2    1    2    1    2    1    2    1    2    1    2    1    2    1

 Columns 3451 through 3475:

    2    1    2    1    2    1    2    1    2    1    2  255  255  186  158    0    0  255  255  199  192    1    4  255  255

 Columns 3476 through 3500:

  185  176    0    8  255  255  199  192    1   12  255  255  199  192    1   16   76   77   84    0   69   68   84    0   69

 Columns 3501 through 3525:

   83   84    0   69   87   84    0   69   80   84    0    0    0    0    0    1    0    0    0    0    1   10   69   83   84

 Columns 3526 through 3545:

   53   69   68   84   44   77   51   46   50   46   48   44   77   49   49   46   49   46   48   10

